image: outdoor_campus.pgm
resolution: 0.100000
origin: [-272.500000, -302.500000, 0.0000]
negate: 0
occupied_thresh: 0.65
free_thresh: 0.196

